Date Set Results:
accuracy: 0.8235294117647058
precision: 0.8235294117647058
recall: 1.0
f1: 0.9032258064516129